Auflagerkräfte:
Ra: 8.9959806716847E13
Rb: 8.9959806716847E13
Schnittgrößen:
Mx: 8.9959806716847E13
Qx: 1.34134134E8
